0000001011011101000001100011101111100100101011010010011101101001
1110101001111111000101110010110011000110000011100110100011010111
0001011101011101111011101110100011011101010111001011000001000001
34

1111000001010101101010001000110100001010010011110010111000011100
1111101011010011000110011110000111110011010000000010110101101101
1111010101111001010011101001001100000110111100001111110010001110
35

1001010110000101100011101111110010110000001010011100001101010110
1011001000111011000000011000100011100101111011011111011111111110
1101100001000001011100001000101110101010001110111100101101010111
32

1010100101000011101001000101111001110001100010111111000111010010
0100001010001100001011110100101011010000110111111011111000101010
0001010000110000011101001110101101011110101010111011000000000111
30

1111010100000100000110100011100011010110101111111011111000011100
1110110101100111011100110100010110110101110010111100001010001101
1110011110011100100101101000001010011100100010111000001101101110
32

1000111011101000001001100010000111000000111011010101001110101110
0000101011000010111001100011010000110100111011111011110000010001
0111101111010101001111111110101000001011111111010001000001000000
34

0010010001010110010010101101000110011011001001011000000010001101
1111010111110100100000100100001111000001010000100111011001010010
0010111001011101001101110110110110100101100110000000100100100000
29

0010011011111011110001000111000101000111001111010111110111001101
0000001000110100000100111110110010100110011000100111111000110101
1101101100110000001010000110001000011110101000001111110000000111
28

0101110010001101101100101100100001001010101001000111100110110011
1000111001110010001000111010100101101110001100000100010100100011
0010110100000000011011101001111011011011011010111100001101101111
35

0000000110011001000110100010101011110101000111001000011100011100
0111101001001111000000101110000010010100110011000101110011011111
1000010000101001111001110011010110011110001011110010010000111100
31

0000010010110010100101010001100101001101011001011011101101011011
1001001001111110101011000011100011110001011011111111100110100101
0110100100110011110001101101111001000011111101011011110100000001
34

0111101100010100000101011110001000011111101010001011010001100011
1010011001101010110001001110110000000010111001001011011111101001
0010001010000001001011101111000111100010101100111111110001110101
33

1110011001000101110000011011011011110110111011111011110000110101
0100010010100111110101011111001110100000000011001101111010100110
0101110100011101111010111011101010101001000111001001110101101100
36

1011100111010011100101011111000110100101000010101110111010101000
0000000100110111100010001111111010111000110100100110101000011101
0100011100011011111000101111000011100010001001110111101101001010
33

0100100010111100110010011111001101111111101100010010010010111111
1100001111100110101101010111001001010101100111101100001101011110
0111010010100101100000110111111011010101110100000001100000011110
31

0111111000000101001111100000001011100011000011111111101010111011
1011011000000101111110001110011101011000110111000111110001110100
0011011111111111001110010001101001000100001011000111100100110000
32

0011111111110011001111100101110111101101011001111010100111000000
0010100101110010011001111100001101001001011110011011000011110010
1110100101111110101001100110000101011011111000011110011011001101
37

1000010000001111111011010001001010110111001010100011110111010001
0011010101101000011100111101011011111000111000011100110110111110
0100111010011000011000010011101110110000001101000000111110010000
27

1101100000101111010000110111110011010010100001001101010000000000
1100110000110100100000100110110011000101101001101101100000101110
1110101111100100001111101110111111101000110111011111001111010001
42

0101000100100100101011010111011101001010000101101000101101001000
1101111111000001000010000111001010001101011110010101000101000101
0111000100011010010110101111101000111000100100000010010111110010
30

