0000111000010101010100010010101000001111111010101100001000001111
1100101001111011001010101001011000011010001101010011000101000011
0011101110010001100001000100001111101010001000000000110010110011
26

0010100101111010100110010110001001001110010000111000000001011001
0111011100100000011000000001101010000110011011000101111111101111
1010000110100101000001101000011100110111110100000010000001001001
25

0000001001001010001110001000011000011000101100100100111010111101
0100101101110111100000100100011111110000011100001110010011100100
1011011011000010010001010011111000010111001111010101010110100110
33

1111101010000101100000010111000100100000010101000101011000111010
0011111001011000000110010111100111010000010100000111101101101101
0011101100100010011001111111011100001111111110111101001010101000
37

0110011110010010010110000011111101000001110110100000010100000111
1000011101001100111100100010001111100110000100001010011010110111
0001111100100001010101011110001101011000001101010101110001001111
32

0100001101001110110111001010010110010111001010011001010001101000
1011101110111010100001000101000100101101110001101101001011111010
0000011100001011101001110000101101000101000100001011100101101101
28

0110110100101100100011100010001000000010100111010001011110000100
1010110011010011111011110101100110100011110010010100001111100100
0011111000000000100111101000010001011110101010111010101110011111
33

0110100111110101111011111111100011100101011110100001010010101000
1100010000100110000101000111011010001110000001100011110010000000
0101001000101100000001000111000110010100100000111101011111010111
29

0000011011101110101000011111110100100111001111111111110100111100
1010111110110001100110100011110000000110011011110001111100110001
0101011010100000110001000011111011011110101011110001110111110010
35

1110001111110000000010001011010101101100111100011011011010100011
0001101101000000101101001010010100111001000110011111001110001011
0000011101001111010000111110111110101010000101111011101011010111
37

1000100111011101000100011110110100010101001111000111101001101101
1000110100000001101000111001001110111110111101101010100111000111
1111101100100011010011011000000101010100001101010010110001010101
30

1101010011001110111111000010100011011000111110101010111001100001
1000001001011111001110100011010010000100001001000011111011010010
1010100101101110001110011110001110100011001000010110111101001100
33

0011010101011010011100111010101011100011010110001100111010111111
1011000001111110101110111110110000101110001011011000110101001100
0111101011011011001101111011100100110010100010101011110000001100
34

1111001000111011000010111111101001000001101100001000001010001000
1000110110000100110110110010110001000010110101111010100001101000
1000000001000000001011110010100111111100100110001101010100011111
29

1101101010101001011010001111111111010101110100000111010111110111
0011010010010011000011001111010101011110111110110100001100111111
0001000111000101100110111111010101110100110101001100100100110111
34

1101000000000010011000100101111110110010001010110010111100011110
0000110101111011001101100001000100001011011000000000100101110100
0010001010000110101010111011000101000110101101001101100110010101
30

1011010011100110011111101101010010000110010001001111110001011000
0001000100111110011000010010000001111011111001110000010110111100
0101101000100111111000000000101100000010010111000000011000011011
25

1100011110000110111110110010010001110110001001000100011110101100
1111100010110101000100000101001101010001111101000000011110110100
1100000011001100000101001000100011011000001011111011111111100111
32

1111110000010101001100111110011100001110001111001110010011001100
0111001001011000011100010110000010000010001001011110001110101000
0111000110110010101111010111100001110011111001101111100010011011
38

1001111101111011111010010000110111001110000110010011110000111010
1101000101111110001011111011001010010001111010001110010000110001
1011000111111010001110010100000010100000000011100010011111110100
29

1011001000110011100010110110100000001100011010010101001000000111
1100110011010000011100011110101000010111001101100101101100001011
1000000100011100000001010111110111100100101000001111011011110011
31

1111110101110010001110010110111011000001111111010011011000010000
1000100011110001001001001001100010000111111100111111110101011110
1000101001111100111000100000100110111001111100010011010010110001
31

1110101100010100100111100111110111000010000101010100101110111000
0011000001110100011001101110000001001100010011110110100001010101
0010010010011111000001110110001001110001101001011101110000010010
29

1010011101011000011001100000111000010110111101010001011010011100
1111000100111010010010110000111111111101100101001100011000100001
1010100110011101110100101111111000010100100111100010111101000010
34

0011011100111111111100011111011000101011100101011110010011010101
0001000100110100101111010001111111010100101100000100000101101111
1101100111110100101100110001011000000000110110100101101001000101
30

0100001001111111111101111100001101001001010110001001101110101011
0001010110001011001000000101000111111010010000100011111000011110
1010100000001011001010000110110101001100111001010101101001001010
28

0110011100000000111101010101111011011100111001101111101101111111
1011100100001111010011001001000101100111111001011101000011001011
0010000111110000010001100011000001000100111111001101010001001011
27

1111111101001100110010100010110000110001110110110101111011110110
0010001000011101111100000100111101010110010100100101111011010101
0010001010101110110001011001110010011000011101101111111111011100
36

0000010101110110000110110000010110110110011101001100010111101010
1001111001011001100010000000101100001100100111111000111010101010
0110010011010000011011001111000101000101000101001011010010111111
31

1110001011111011111101100100101111010110110010001011010001011010
0101011011110010101000001001100010010111001101101010110010000110
0100101111110110101010010010110010111110000000011110011100100011
33

0001000100000101000001001011011111111010011110110000001010001110
1000110110010101100111110100111010101010101110001110011100011001
0110001101101111011001000000011010101111001111000001101001101000
31

1101001000010101100010010101111001010000000011100010000001010000
0110010111010111110001000100011111010011010001110001000001100110
0100100000111101101100101110011001111100101101101100111111001001
36

1001101110001101011010001000011111110010100101000101111100001001
1010100010010111010001001110111100000001010000000000011000011100
1100110011100101110100111001011100001100001010111010011011101010
34

1111110000100000100110101101101011111110001000111100100001110100
0000000000100101111111110011010000101000100000100110101001110011
0000001111111010100110100001000100101001010111100101110111111000
32

1101010111100100011011101001111110101101100001001100100111010110
0111010001110010100111111010110000110100101011100000101101100001
0101111001101001000011101100110001100110110101010011110101001000
32

0001001111111010110010011100001110111110110000011011000101001000
1111011000011001011111111110010110001110110111000100100101010111
0001101000011100010010011101100111001111111000100000011111100000
30

1001101011001100100110001101100101110000101010100011000100100110
0011010111111110011000011010100010100110010000101100100100011100
0101000011001101000001101000111000101001000101110000011111000101
27

0010000010001000101100001000011101001011111010101011000111111000
0111010011000100111101100111010110101111001001010111101111101011
1010101110110011101110010000110100011011001100000011010111101100
33

1010100111101011101100011010011011110001100100001011100101110111
1111100111111000110111001001101111011110001110001010100001111011
1010111111101100100100101100001011010000010101111110111011110011
37

1111000100101101101101101011101010101000111110011000010111111111
1000110111000101000111000011100000101011110000100100010000001101
1000001100010111010101010111110101111100110001000011111000001101
33

0000000011000101100111111010101010110011000100101010000100000111
1101110100010101100010010101110011011101011010011111111010101001
0010001000101111111010010000100110010001100001001010000001010001
24

0011000000101111101010010001010001101000100001100101100101110011
1010111001110000101101001000110110100000111010100000010110110001
0110000110100000111000100110011000110111100100111010001100111101
31

0001001110010000000011101000111101010010110001111101001101011010
0010000000010001010010101000011010100111101110110101101110110110
1100110001111110101110111111011000001010100000110111011100010011
36

1001011111111000000001000010000110100101101101101001010100111011
1101000111001010000001111111000110101111001101001000000110101100
1011100111001101111111000010111111110101011111011110101101101000
42

1001111110111110010000100111110011111111110100100011011110111000
1110111100001000101000101100010111010001011011010110101101011011
1000111101001001000111110100011011010001010000001010001100011100
28

1110110000100111110101000001001100111010010110010001011110111010
1110000110010111010011110011111110100000010011101101110101010100
1111001001001111011001001101001101100101111010000011010100010001
32

1111101101010110110000010100100110000010010110111110111010010101
0101000101010100110110011010010111011111101101111110011111101100
0101010111111101111001110001001110100010000100111111011010000110
35

1000011110111111100110000011101111110110000110101011110110000101
0110001100100001111111001000001000011000011111001011111000001110
0001101101100001100110110100011000010001100110011111110001110100
31

0111110011010011110100000100001001001000111001010001101101000111
0100010110010100101010001010110111101011101101010101110111110111
1100011010111000100001110001000001011100101011111011100101001111
33

1001010111111110011110111001000011110110010110101000000100010101
0011100001101100101001100011101111110111001110011010111111111010
0101001001101101001000100101010011111110100111001101000100010000
29

0010111110001000111001001001010101100000100001001110010001101010
0101110100010111110111000100010001101000101011000110000111011010
1000110101100000110001110010111011110111110101110111101001001111
38

0101001000111100101001011000111111110011001010000110000000111101
1111011100110010001111101100010110111100111011110011110111001010
0101101011110001011001001011010110110000001110001010001000001000
27

1110111011100010101101101111011001110111110001010000101000111101
0110110010100101101110011111001010111011100000100100100111110110
0111110110111000111100001111101100110011101110001011110000110100
37

0001101101111001100111100000110110010101011011010011100010010011
1001100010111001001001100011011000111001010100100110110001100000
0111110000111111010001111100010001010011110000001010101100001100
31

1100111010111100001001111001001101001010001000110010110000110111
1000100110001110101001101010011110001111111001000101000111111100
1011100011001101011111101100101100111010001110001000001000110100
32

0101011000011001010001110000010010010110010010000101100000000110
0011010111011010011010011010111100010100100100011101011110110011
1001110000111100110100010101010001111101001001100111000001001010
30

0011010110110110101001000100100000100101100100110111111100110101
1001001010111000101101010111111010111010100111001000001001111010
0101100011110001111011101100100101100000111100000000001010110000
28

1110100011011001011100111000110001101100111001010110000101111100
1100110010001011011000011010101011011100110001100100011111001011
1101101110101101111011011101100101001111110111001101100101001000
39

1001111110101110011000001101010011110011111010001010000010110100
0010010111010010011100010000000010000101111111001101111111110111
0100010110000011111011100010101110001001111010111000000010111100
31

1111001100011101010101000000000111100100101110011101101001110000
0110100000001100101110100111101111001111111101111101111010111110
0110010011101110000100011000010111010100101100011111101100110001
32

1011011011010110100001111000001001011110001010010010101000011100
0101100100101010110000111000000101110111010010111010100100001001
0001000000000011101110111111110011010110100111010111110011101010
35

0001111110111010010111000011011011010000101011100001110001000010
1101100101100000110010001011110100110001110010100110011000000001
0011100100100101011010110111010000011110100110111000010110111100
33

1000101000011011011100000010001101111011010111001001100001010111
1001011000101100110010100110001000001111011100110010010011101111
1110001111001000010001011011111010001011110100000100001101000111
31

0101001100001100100010100001010100010000001111110111011000101001
1101011011001101110110010001111111001011101100010010100011100100
0111101000111110101011001111010100100100011100011010000100110010
32

1000111110110100001001111101011000110010101101001000010010100101
1100110101101000110111000110010100011001100100001110100110000111
1011110100100011000001000100110011010100110110111001001011011101
32

0100101011111001101101011001111010000010001011101011101100000010
1010111101000101000101010100111010100110011110100000100101010010
0001101001000011010111110010111111011011101010110100110110101111
38

1000101010111001010000100111101010001110011111100000111101010010
0111101000001010100101011010110111101001000011101110100010100101
0000111101001100001010000010100010011000100011110001100000001000
22

0101010001001010111010001111101011001111010011010110110111001101
0011110001011110000111010001001011010111011010110010101101001010
1001011111101011000010100001011111100111110110011011100101111000
37

0110100101010011011001000110110111100011010011011010100000110110
1000011000111011100000111100010011111110100011010100100011101100
0001000010010111000110000101011011100010001111110001111100100101
30

0001000000101101101001001011000010101000001110110010001111111001
0110000000111000111101100001100001111001101010101001000011010000
1000111111101010101011010101011100101110011011100100110011010110
37

1110000100011011110011001100011101001011000111001101101001111111
1100010011111101001100111111100001010101111111100011100001011110
1101101000011001000000001100000011100001000111010001110111011110
28

0001001000100101100110011110101100011111001111001111111101100000
1100100000110101000110010010111111100011100111000100110100101100
0010010111101111011111110011101100000011010111110100110110110011
39

0010000100101000100100101111110100100011000111101100101111010001
1011110011100110010111011110001101110100010100001101110010101001
0110001000110001001100001110000110101000101100011110100010000111
27

1001111001011011010010010000010000100001111000111000001011111000
1101010101101100010101101000010011111100011111101000001000111101
1011010011001000111000000111111100100010011000101111111100111010
34

0101100011010011001011110111101000100111011100000101110110011000
1001111010100000110101011111110101001111111010101011111110000000
0011100110001100000001010111100010010111011001010001110111100111
32

1010010111100011111000100011111000101100101011111110001011000010
1000111110001101110101010111110010001110010100101110000010101010
1101010110010001110010001011110101011101000000101111110110010111
35

0100100101111001011110000001111011101010100010001010010101011111
1000010000111100010110010011011011011011111110001011011010010100
0011001010111010110111101101011111001110100011111110110000110100
38

1110011110111000111011010100101011100101000100100010001010011110
1010101110000101101100111001110100111100101011100000100100010010
1011001111000010101000010010100000100110010000111101010001110011
28

0100011100101111101010111101110011010111100110100001110111111010
0110101010000001010001000110011110001000000001111000011111010011
1101001001010001000100000100010010100000011000100110010111010110
24

1110011111000101000111001010101001110100001100100011011100111101
0100000001101100100110010010000010101010100100011001010110101011
0101100001010110011110100111010100100001010111000101110101101001
32

1100000101101010110010101111110010011111011101010110001010011001
0000111101101110011010111100101101011111001001111100001111111110
0011000111111011010111101100100000111111101011010101111010011000
37

0010010001001101101001100011011011110001011001011011110010110110
0111011000111001010110011100000011100101100011101001000101010001
1010110110001011000000000000100111101011000101001101001000011000
25

1010011110110010110010010100010110011101110110001111010101001101
1010011110000010101011010001100110001110110100010001010100101010
1111111111001111100110111010001111101100111101100001111110011000
42

0100010011000011110101110111001011111110101100001000011110100010
0011001010011111101011010001001111101010101011110010111011100011
1000100110100011100001011001111011101011111000000101011010111110
34

0011000011111101010110110001111000100010110011110101011011000010
0001101100010010010110000001101011111011110100111101001011111100
1101010000010000111111001111101100100110111000110111101111000001
35

0001011000010000010100011111100001100000000111101100101000000010
1001100011100110111110001111001110100111011010100011010001100000
0111000100001001010101101111010000111000100010110000000110011101
28

1100111100100100100010000110110000001000000001000001111011001101
0100011110110101001011000001010111111111010001001110111110000111
0111011101101110010110111000011000001000101111110000111010110101
35

0001110110000101001011111000011101001010000011100010010000010100
0000001100001100010001010000011100100000010100011011001000110111
1110000101110110100101010111111110010101101000000110100111011100
35

1010001101110111001101000000011010100100011001111100110111000111
1101001110010001010101110111011100000001011010100101011011111101
1000111100011001100111001000111001011010111100100110010011000101
32

0001010001001001110100000110110110101001101000010001110010011010
1001111100010011111111000011001100010100010000010000111001101011
0111010010100101110100111010000101000010000111111110110100001110
32

0111001010000111010010110101110001100001011111110110011111101111
0101000000001010111011010101000101001001001101010011010001000110
1101110101110010010110011111001011010111101101011010110001010110
38

1100000110010111101010011010010100101000110110111101101101010111
0011111000000100001110111111110001110001000010010110100100110111
0000000001101100011011011010011010100110001011010100110110011111
31

0011110001011000011010100001011100100100111011011000001010001100
0101000110100000111101101010110111101100000110110001101110110001
1001001000000111011000110100010100110111000010010110011011000010
27

1000110010000111110011010111110010011100011001010101111011000000
1110010001110000000001001111000101110110011100011100000110100100
1001011100001000001101100111001000010101111010110110000010011011
30

1001110010010100001010110001000111000010100100100110010010000111
0000000110010101000111101110011110110111110011001010101010010011
0110001011111110110010100000100110001010101000010011000111101011
31

1111110001110101101110001110000011001111010100010011111111100011
0111011000100010111110001000100100111000101111001101111011101111
0111010110101000101111111001011000001000000100100001111011110011
32

0110110001101111101100010100100110001101101101110111110100101001
1110101101011100100010101010110101111011111010110011111011011100
0111100011001100110001000001101100001001101000111011110000001010
28

0110101001010011000101111010111101010011111110000111011111000011
1000000101110000100011101001001110000100001110001010111100011100
0001010011011100011001101100001100101000001111110010011100100000
28

0011000000110101000011110000000011100111010010110100110001001101
1000100100010000100010111100100101010000011101000000100101001010
0100011011011010011110110011011001001000110000001011101011111000
32

1000010010010010101011110101101011000110001100000011001110111110
1110010100011101100101101111111010100111100111111011001101111111
1001111001110000110001100101101110011110010100000111111100111110
36

