384
375
367
432
400
394
377
390
381
384
373
367
405
360
394
417
359
413
386
405
362
383
363
389
372
387
375
373
396
413
360
397
380
378
413
367
355
413
381
370
365
367
363
396
362
384
350
344
410
390
334
378
385
386
368
417
384
356
346
408
402
409
383
367
366
388
414
419
426
368
344
424
380
376
392
345
365
386
371
362
372
369
395
405
338
370
362
403
406
399
374
388
366
375
369
384
368
417
389
392
398
407
383
413
354
440
408
399
411
368
404
383
394
376
386
399
393
363
326
373
366
346
383
353
364
394
383
407
412
380
378
410
403
356
363
348
376
422
438
349
333
383
370
361
362
420
367
415
370
379
405
366
391
398
402
382
428
372
364
376
352
375
359
371
352
364
405
397
356
384
367
396
397
356
368
369
380
369
360
385
386
407
388
385
395
364
407
381
365
406
364
393
419
358
367
346
379
429
415
379
387
357
389
381
369
336
424
374
365
384
396
405
419
377
346
366
404
394
350
406
383
353
379
376
404
374
389
397
409
379
383
405
366
402
370
356
377
347
385
395
385
379
383
401
356
394
365
376
411
386
392
403
363
409
392
402
359
397
393
355
372
412
390
366
415
424
378
425
411
411
379
419
397
358
398
383
406
391
380
373
376
410
354
384
381
396
394
373
378
384
398
405
376
368
352
391
382
411
432
363
390
392
389
394
319
375
410
407
385
377
384
401
372
355
379
368
392
381
398
370
360
434
405
390
388
366
348
366
382
379
419
360
392
371
357
413
432
408
401
404
357
370
417
346
394
401
419
397
382
379
353
353
391
420
436
348
390
376
390
397
396
402
408
416
364
367
406
371
375
428
363
390
413
380
383
351
403
391
409
390
385
446
379
383
382
380
368
403
387
408
369
349
384
402
360
391
387
345
360
377
417
373
370
371
349
371
380
356
366
389
342
396
402
344
399
371
368
369
358
362
393
368
379
361
420
403
395
393
395
377
376
363
381
385
396
423
380
330
442
374
389
381
403
403
359
396
395
380
392
413
358
423
333
381
377
355
380
367
420
369
352
388
362
373
382
365
375
387
413
379
402
410
366
380
389
348
399
390
408
401
405
393
424
414
366
381
414
396
355
339
344
359
352
385
367
364
400
407
360
361
392
391
396
394
353
351
392
355
391
388
357
372
408
358
370
384
402
349
390
400
406
428
383
373
382
401
372
377
416
367
368
328
393
374
397
350
373
441
405
363
406
417
394
379
372
376
388
402
395
418
374
369
407
363
358
378
395
391
423
394
396
388
398
400
420
425
395
383
393
370
388
395
412
374
361
391
367
386
413
394
391
412
363
413
370
400
390
380
407
393
414
379
423
343
413
351
412
381
374
418
383
381
388
387
342
358
382
338
344
406
398
407
386
363
395
349
389
380
391
343
387
356
367
373
385
360
383
365
337
330
423
439
391
365
375
361
383
403
424
412
354
409
362
377
412
371
384
400
378
342
389
404
366
372
372
365
381
387
373
382
384
356
382
385
426
362
369
376
391
369
389
384
374
368
362
389
335
390
357
365
387
376
421
371
367
390
397
372
361
406
406
407
405
345
407
385
393
432
406
364
393
398
375
392
353
387
348
358
365
364
359
438
341
382
424
386
393
390
398
341
400
389
399
396
405
373
380
343
365
356
405
378
393
360
420
401
379
401
368
361
409
373
414
378
394
380
371
413
363
381
387
363
383
379
381
384
376
410
389
385
383
398
347
385
405
381
409
392
395
352
418
377
370
394
356
351
378
380
362
376
370
344
422
354
405
384
377
412
400
381
400
350
367
384
368
375
387
361
376
383
393
381
393
391
424
404
381
379
381
418
436
377
420
375
385
393
392
362
408
387
380
397
381
391
396
380
419
367
392
419
418
388
356
388
411
385
373
413
399
405
434
373
390
391
364
384
413
401
343
386
396
411
355
403
394
387
372
362
369
412
402
403
405
395
418
372
387
370
403
401
368
425
413
425
390
351
393
425
383
403
418
378
394
352
362
398
380
359
375
378
413
325
367
374
381
400
406
360
399
378
373
375
351
396
379
353
355
355
392
387
364
393
380
391
405
346
383
375
380
359
371
391
407
420
368
385
362
380
384
408
380
362
415
393
378
430
366
390
423
366
385
374
398
411
355
397
378
373
386
394
390
359
402
375
379
361
363
427
358
352
378
401
396
407
412
368
370
400
410
357
412
395
367
397
355
352
391
372
421
398
368
395
399
327
356
351
341
370
353
431
396
347
375
367
422
371
386
360
382
376
392
353
371
380
406
409
400
377
356
428
383
362
384
386
395
369
364
404
371
401
353
393
355
405
